elevation_data.aaigrid
ncols        148
nrows        62
xllcorner    -122.746805555548
yllcorner    38.002916666664
cellsize     0.000277777778
NODATA_value -32768
[rows 0 to 41 of 62, columns 0 to 94 of 148]
259 259 261 261 259 258 257 257 257 258 260 261 259 252 246 241 235 229 226 226 223 216 209 202 196 193 191 189 186 181 174 164 156 152 151 148 141 132 126 118 108 98 91 86 78 74 71 67 65 67 70 71 73 74 75 77 78 77 78 74 68 60 57 60 65 70 72 70 71 72 73 74 76 76 74 74 76 78 80 83 87 95 104 111 119 130 139 151 163 172 182 194 205 213 222
257 257 258 259 257 255 254 254 257 260 263 265 263 259 254 250 246 241 240 240 233 220 212 207 203 201 198 194 187 181 175 167 161 158 156 153 146 137 129 122 113 103 96 91 85 79 76 70 67 68 70 71 73 74 74 75 75 73 70 67 62 54 51 53 58 63 68 72 74 76 76 76 77 77 74 73 73 73 76 78 80 88 98 105 113 125 136 145 155 165 175 189 200 209 214
255 255 256 256 255 253 251 252 254 257 261 263 263 262 260 259 257 255 253 250 242 232 226 221 214 206 202 197 192 187 183 178 173 170 166 160 152 143 134 127 119 109 101 97 92 84 79 72 68 68 69 71 72 74 76 76 73 70 66 63 60 55 52 56 57 65 73 81 84 84 85 85 84 83 80 77 74 73 72 74 76 82 92 100 106 120 132 142 150 158 169 180 192 200 203
253 254 254 254 253 251 249 249 250 253 256 259 259 259 259 260 261 260 258 256 253 248 242 233 219 208 203 204 203 199 196 191 183 179 175 166 156 146 137 132 124 116 110 104 98 90 81 76 70 67 67 70 73 75 77 76 73 71 69 66 62 58 60 65 72 77 86 93 95 96 96 97 95 92 90 87 82 78 76 73 74 81 89 98 109 119 131 137 143 151 160 172 181 186 186
253 253 252 252 250 247 245 245 247 250 253 254 255 255 256 258 260 260 259 260 260 255 247 236 224 216 213 215 214 209 203 199 191 182 177 169 158 149 142 137 133 126 120 113 104 95 87 82 75 69 66 69 72 74 75 74 73 74 72 68 65 64 68 77 85 91 98 103 106 109 109 107 108 104 100 94 88 83 81 79 77 80 87 98 108 118 127 132 137 145 156 165 172 174 175
251 252 249 247 245 242 240 242 245 249 251 251 251 252 254 255 258 259 260 262 261 254 244 238 231 227 226 225 221 213 206 201 195 183 172 168 161 155 152 150 144 137 130 121 110 100 93 87 80 74 69 67 69 72 72 70 71 73 71 63 67 71 78 89 94 99 104 111 115 121 124 121 120 118 111 105 96 89 83 80 77 79 85 93 101 111 122 128 132 140 151 158 160 160 159
247 247 245 242 240 240 240 243 245 248 249 249 250 251 253 256 257 259 260 261 259 250 243 241 238 235 232 227 223 218 208 200 191 184 175 169 168 164 161 158 153 147 139 130 119 109 99 90 83 78 72 66 66 68 69 68 68 71 71 71 74 84 92 99 101 103 108 114 121 127 130 130 128 125 120 113 107 95 87 81 75 76 79 87 96 107 119 125 129 135 142 148 148 147 145
240 239 237 236 237 240 242 243 245 247 248 249 250 251 251 255 259 260 260 260 258 254 249 247 243 240 237 234 227 222 212 200 191 187 183 179 178 172 168 164 160 153 148 140 131 120 107 97 90 85 78 70 65 67 68 69 69 75 80 86 92 96 101 105 107 108 111 116 123 128 130 130 130 128 121 112 106 97 88 81 75 73 76 83 93 106 117 123 124 128 132 135 136 137 136
228 228 228 230 235 239 240 241 242 245 249 251 252 252 251 253 258 260 260 261 262 264 259 255 248 247 246 242 233 224 214 203 195 193 193 190 187 183 178 177 172 164 157 150 142 129 116 107 99 95 88 80 73 72 72 78 86 89 95 103 107 107 107 111 112 113 115 120 125 130 131 130 130 128 118 109 102 94 87 81 75 73 77 84 93 102 110 113 113 116 120 123 126 131 131
217 219 221 225 231 235 235 238 242 246 251 256 255 254 254 256 258 260 261 263 266 267 266 262 259 256 254 246 234 224 213 205 196 195 196 195 194 192 189 187 182 174 165 159 149 133 123 117 110 103 98 91 88 87 90 96 102 109 113 120 125 123 122 122 123 122 124 127 130 134 134 133 132 127 117 109 103 93 87 80 75 74 77 84 89 95 101 103 103 104 107 111 116 123 125
209 212 216 221 226 228 232 238 243 248 253 257 258 257 256 257 258 260 262 264 266 267 267 267 266 263 257 245 233 224 215 209 204 202 203 203 201 199 195 192 188 180 171 162 149 135 127 124 120 114 106 101 99 100 102 104 111 121 130 136 140 142 139 138 136 134 134 137 139 138 137 136 134 127 117 112 106 96 88 82 77 76 77 81 84 89 92 94 93 93 97 100 105 110 113
199 204 211 217 222 226 232 239 245 249 253 256 258 257 257 258 259 261 262 263 264 266 267 268 267 262 253 242 233 224 218 216 216 214 215 216 211 206 202 198 191 182 172 160 147 138 132 131 130 127 120 113 109 107 107 110 117 129 141 148 152 154 154 152 148 144 143 145 146 142 140 137 134 128 120 115 110 100 90 83 78 74 73 75 80 84 85 84 84 85 87 91 94 96 100
192 199 206 214 220 226 233 239 243 246 249 253 256 256 258 259 260 262 263 263 263 263 264 267 267 259 249 242 237 230 224 223 224 226 227 227 221 215 209 200 190 180 170 157 150 146 145 141 137 133 130 122 115 111 112 117 122 133 146 153 159 163 164 162 155 151 148 148 146 144 140 136 133 128 123 118 113 105 92 84 79 73 69 71 75 77 76 75 74 75 80 86 88 89 90
190 197 205 213 219 226 231 237 241 245 249 252 254 255 257 259 261 263 264 264 263 262 262 263 264 256 249 248 246 243 239 237 239 240 240 238 231 221 210 198 188 179 172 164 160 159 155 149 142 137 132 125 116 113 113 118 124 135 145 154 161 165 168 167 161 155 151 149 147 146 143 139 133 131 128 122 117 109 96 86 81 76 72 71 70 70 69 70 70 72 78 84 85 84 85
191 202 212 218 224 229 235 240 246 252 257 260 260 257 258 260 262 263 264 264 264 263 262 263 261 258 256 257 257 257 257 253 252 250 247 241 233 217 206 198 190 186 180 176 174 167 162 156 149 143 137 129 120 116 115 119 126 135 144 150 155 160 164 169 167 160 158 155 153 150 148 145 140 137 134 129 123 113 99 87 81 76 73 72 71 70 70 73 77 79 82 85 83 81 80
200 210 219 226 231 238 245 251 257 263 267 268 266 262 261 263 264 264 264 263 263 263 265 266 267 269 266 268 266 266 263 261 257 252 248 243 234 219 211 207 207 206 199 194 185 176 168 162 155 148 143 134 124 119 118 119 126 135 144 149 155 160 165 172 175 171 166 161 158 155 153 151 148 144 138 134 128 117 100 90 83 77 72 71 71 72 76 82 86 87 89 89 87 84 81
209 217 222 229 235 242 248 254 259 266 269 269 266 265 266 266 266 267 265 264 262 263 266 269 270 271 273 274 274 269 264 260 258 253 246 243 239 233 226 222 220 219 216 209 199 188 177 170 160 155 148 140 129 121 121 123 129 138 147 154 160 164 171 177 178 175 170 165 160 156 154 152 149 144 137 132 125 111 99 91 86 79 73 71 73 78 85 92 96 98 100 99 98 96 94
216 220 223 228 235 241 247 253 259 265 269 268 267 268 269 268 269 268 267 265 263 263 267 270 270 270 273 276 276 270 263 260 258 254 249 245 245 243 239 231 227 227 226 221 208 195 188 180 175 165 155 145 134 127 125 129 135 141 151 159 165 168 173 178 179 174 169 164 159 155 152 147 144 139 132 127 120 106 97 90 86 81 77 76 79 85 93 100 105 109 113 112 111 111 110
223 225 228 232 239 247 251 256 260 265 267 267 267 268 269 270 270 269 268 266 264 264 266 268 268 268 271 274 275 270 265 262 261 259 256 256 253 253 250 245 241 240 235 228 215 198 190 184 179 171 158 147 136 131 129 132 137 142 148 159 166 172 176 181 180 177 169 165 160 155 151 146 141 138 133 126 118 108 100 94 89 87 84 84 88 96 101 107 113 119 123 126 126 128 129
225 230 234 238 245 252 257 260 263 264 265 266 267 268 269 270 271 269 268 267 266 264 265 265 265 265 268 273 275 274 271 268 265 264 264 265 264 263 264 260 254 247 240 231 220 207 195 185 176 171 161 151 141 134 132 134 139 143 148 155 166 171 177 183 184 182 176 170 169 163 155 149 145 143 140 132 120 114 111 104 100 95 93 94 101 109 114 115 122 128 131 135 139 140 141
222 228 234 241 247 253 259 262 262 262 264 266 267 268 269 270 270 269 267 266 266 265 263 262 262 262 265 271 275 276 275 273 271 270 270 271 273 272 271 268 258 248 241 234 227 216 202 188 179 171 165 157 148 141 139 138 142 145 150 157 164 170 176 182 186 188 186 184 182 177 166 157 151 149 146 135 127 124 121 116 108 103 99 103 111 120 124 125 130 137 140 146 150 151 154
218 226 234 240 247 252 256 258 259 260 263 265 266 267 269 269 268 267 266 265 265 263 260 258 258 259 262 266 270 273 274 274 274 274 275 277 280 279 276 270 259 247 243 236 231 221 206 194 186 179 171 162 153 148 145 144 146 149 153 159 165 168 173 179 186 191 192 191 190 185 176 167 158 153 148 140 136 134 127 120 111 109 109 114 121 128 134 138 143 148 152 155 159 163 166
217 224 235 241 246 248 251 253 255 259 261 262 263 265 267 267 265 264 264 262 259 259 256 256 257 260 262 263 265 267 269 270 273 274 276 279 283 283 279 274 265 252 244 237 229 218 210 200 194 189 177 165 156 151 149 149 150 154 158 160 166 170 171 179 187 193 193 195 194 188 181 172 164 159 152 146 143 142 136 124 115 111 118 124 132 138 145 150 154 157 163 165 170 175 177
220 227 235 241 245 247 247 250 251 254 256 259 261 263 265 265 262 260 259 256 251 251 253 256 259 262 264 265 264 264 263 266 269 273 277 282 286 286 282 275 267 259 248 237 229 223 219 212 205 197 182 167 160 157 155 154 157 163 167 169 172 176 178 182 189 193 194 196 196 191 183 177 173 167 163 157 154 148 141 133 125 119 124 130 136 143 150 156 158 161 166 174 178 182 183
223 231 237 240 243 244 244 244 245 248 251 256 259 261 263 263 260 255 253 248 244 246 251 257 261 264 265 265 265 264 264 265 269 275 279 284 286 286 281 271 262 256 249 242 238 236 233 225 217 202 185 172 167 167 164 162 162 168 173 177 181 187 189 191 194 197 197 198 200 195 189 184 181 178 174 169 163 153 143 134 126 122 125 132 139 147 153 159 163 167 173 179 185 188 188
223 229 234 237 238 238 237 237 239 243 249 254 258 258 260 260 257 250 244 242 241 246 252 257 262 265 266 266 266 268 267 268 271 277 282 285 286 284 278 270 262 258 256 251 251 249 243 231 216 202 189 183 179 177 174 169 170 173 177 181 187 193 197 201 206 210 207 206 205 204 198 193 190 187 182 176 168 157 145 131 124 122 121 129 139 150 159 166 172 178 184 189 192 196 198
219 223 226 228 227 227 230 232 236 243 248 253 255 256 255 254 251 242 237 237 241 247 253 258 263 266 267 267 267 268 269 270 275 281 286 288 287 284 277 273 271 273 271 267 262 258 245 230 218 208 201 196 190 183 178 176 176 177 179 182 188 195 202 210 218 221 220 216 214 211 206 200 197 194 189 180 171 161 147 132 125 123 122 124 135 150 165 176 185 193 199 202 203 205 208
214 215 217 217 218 220 223 229 235 241 245 247 249 249 248 246 241 235 233 237 244 250 255 260 264 267 269 268 267 268 270 275 279 283 287 288 288 287 282 282 284 285 283 279 271 261 246 232 226 222 219 212 203 191 186 182 182 183 183 184 189 198 208 215 223 227 227 226 223 219 213 204 198 197 192 183 172 163 151 134 125 124 124 128 138 156 174 187 196 205 214 216 214 214 217
207 206 206 209 212 217 222 228 234 237 239 241 242 242 241 234 230 230 234 240 247 253 256 260 265 267 269 269 268 269 271 275 278 280 282 285 287 287 288 288 291 290 287 280 271 261 250 239 235 236 234 228 218 208 200 196 193 192 193 190 190 199 208 216 223 229 232 232 231 226 219 210 201 196 193 182 172 167 157 141 128 125 127 133 145 162 178 190 200 210 221 227 226 226 229
196 198 201 206 213 219 224 228 232 232 233 235 235 234 229 224 223 227 233 242 249 252 254 256 261 265 266 266 267 269 271 275 276 278 280 284 285 287 288 290 292 291 287 280 271 265 257 251 247 246 243 237 230 222 218 217 211 208 206 199 196 200 209 216 223 230 235 237 235 231 226 217 205 197 191 181 173 168 162 148 135 130 131 134 145 162 178 190 202 213 224 231 233 235 240
193 197 204 211 216 221 224 226 227 227 227 228 228 226 222 218 219 223 230 238 245 247 247 250 253 257 260 263 264 268 272 276 277 277 280 284 286 287 288 290 292 292 291 285 279 273 268 263 260 257 250 242 235 232 233 232 229 222 215 209 206 210 214 219 226 233 239 241 240 236 232 223 209 200 195 187 179 173 164 153 144 139 134 132 137 153 170 186 199 214 226 233 236 239 245
194 202 208 213 216 219 220 221 221 220 219 220 220 219 215 213 217 220 224 230 235 238 240 243 247 251 257 262 266 269 274 277 279 278 279 282 285 287 287 289 292 296 295 293 287 282 276 271 269 263 254 247 244 243 243 243 238 231 223 218 217 220 222 225 230 237 244 248 244 241 235 227 214 205 199 193 187 178 170 163 154 147 138 134 135 150 167 182 195 210 224 234 239 244 250
197 203 208 212 213 215 215 214 213 211 211 211 211 209 206 205 209 216 219 222 228 233 238 240 245 250 258 265 269 272 276 278 280 279 277 279 283 286 287 288 293 296 298 298 296 292 286 281 278 270 262 259 260 256 254 250 246 239 232 227 226 229 231 234 237 243 253 259 255 247 238 230 221 212 203 195 189 181 176 171 166 159 149 139 138 147 164 180 192 206 221 232 241 249 255
198 202 205 208 210 210 209 208 206 204 202 202 202 202 201 201 205 211 215 221 228 236 242 247 248 254 260 267 271 274 277 280 281 280 278 277 280 284 286 289 295 298 300 301 302 301 298 292 288 280 273 270 273 271 269 263 255 249 241 237 237 239 243 245 249 254 265 272 270 261 250 238 227 217 206 198 194 187 182 178 174 166 158 147 143 151 166 179 193 206 217 231 242 250 258
199 201 202 204 205 203 199 199 199 198 197 195 194 198 200 204 208 214 219 228 235 239 244 247 251 254 259 265 269 272 276 279 281 281 280 280 281 284 287 291 296 299 300 301 302 303 301 299 295 290 284 283 283 281 280 276 265 257 252 250 249 249 253 256 261 267 275 281 279 273 260 243 231 221 211 207 204 200 196 189 179 169 160 156 153 158 169 180 193 208 220 232 242 253 260
196 199 199 199 198 195 194 195 196 194 193 193 195 200 207 210 217 222 227 232 236 237 239 243 247 252 257 262 265 267 272 276 277 279 281 283 285 287 289 291 293 295 298 300 301 301 301 301 301 300 296 294 292 291 290 287 277 266 263 260 259 260 265 269 273 278 284 285 283 276 264 245 235 230 223 218 215 211 205 198 189 178 171 169 166 165 173 186 201 214 225 234 242 254 262
193 196 196 195 193 192 193 196 196 195 194 195 199 204 209 217 220 223 225 228 228 231 235 240 247 252 256 259 257 259 262 266 271 275 280 284 286 288 290 291 292 292 295 297 297 299 303 306 308 308 307 304 303 302 301 295 281 270 267 266 267 270 274 279 285 289 292 292 286 278 265 252 246 242 238 230 223 219 214 209 201 192 184 182 175 171 178 194 206 218 229 234 242 256 265
191 193 194 192 190 191 193 195 197 197 197 199 201 202 206 211 215 216 218 219 221 225 232 240 245 248 251 250 248 249 253 257 263 269 277 281 285 287 290 291 291 292 293 294 295 299 304 309 313 315 318 318 318 316 310 296 285 279 277 276 279 284 287 290 296 300 301 300 293 281 268 262 260 257 250 239 231 227 224 220 214 205 194 184 177 177 182 192 204 217 228 238 245 258 271
187 189 191 189 188 187 189 192 194 197 199 201 200 200 201 204 208 211 211 212 216 220 227 234 237 237 241 243 242 244 249 255 261 268 274 279 282 286 288 288 291 294 296 297 297 299 304 309 313 317 321 323 323 320 314 302 295 293 291 291 294 295 299 301 306 309 308 308 303 290 280 276 270 266 256 244 237 232 229 224 215 204 191 180 176 179 184 191 202 215 228 239 248 259 269
186 188 185 184 182 182 183 187 191 195 199 198 197 196 197 200 203 206 205 206 210 214 219 222 223 225 230 239 243 249 253 258 265 272 277 279 282 285 287 288 294 299 301 302 302 302 304 307 311 316 321 324 324 323 318 314 312 309 308 307 306 303 306 313 317 317 316 317 314 304 296 290 281 271 261 249 242 236 229 220 210 198 186 177 173 177 184 192 201 211 222 233 243 255 266
183 184 181 177 176 176 180 184 188 192 194 193 193 194 196 199 201 201 201 202 204 207 209 209 212 217 222 234 246 252 257 261 269 275 278 279 281 284 287 290 295 302 305 307 307 305 307 308 312 317 323 327 330 331 329 328 329 329 325 322 319 314 316 322 325 326 328 331 329 319 308 298 287 276 267 253 244 236 223 211 204 195 186 181 179 179 185 192 197 205 215 225 236 249 264
175 177 176 173 171 173 177 181 184 188 190 190 190 192 195 199 201 200 199 199 200 202 204 203 207 212 220 230 240 249 254 259 264 270 271 274 278 283 286 290 296 303 309 311 311 310 311 311 313 317 324 329 332 335 338 336 336 338 336 335 332 327 325 329 331 333 338 339 338 328 316 302 288 279 269 256 243 232 219 205 200 197 195 195 192 191 192 193 196 202 211 218 230 243 257
